18
Alpha_Candidatus_Puniceispirillum_marinum_GCA_000024465.1 0.0000000 5.3783863 3.7005140 5.4312380 6.0972004 3.5447619 5.4442904 3.9616759 4.4394614 6.9459991 4.8596189 6.8854075 6.2317622 4.0050037 4.2646631 4.0326119 3.9741955 3.9857424 
Delta_Bradymonadales_bacterium_GCA_007993755.1            5.3783863 0.0000000 4.1318376 3.6889543 3.5726602 4.4029670 2.1908131 3.3323581 2.6604704 2.7710516 2.5329258 2.7934873 2.6725180 2.0515234 2.0513007 2.9411947 2.4604975 2.4783043 
CRu_Mantamonas_Mantamonas_sphyraenae_GCA_026936335.1      3.7005140 4.1318376 0.0000000 2.1097074 1.6660630 5.9123857 3.7728453 3.5751928 3.0253196 3.8962947 3.1696279 4.1788356 4.1526115 3.1220826 2.3650684 3.3390022 3.3410722 3.5162879 
Arch_Chloroplastida_Micromonas_commoda_GCA_000090985.2    5.4312380 3.6889543 2.1097074 0.0000000 1.3846826 6.8782494 3.2097380 4.9667975 4.5286165 3.4814623 3.2033853 4.1205590 3.7618938 3.4368392 3.4233824 4.1763954 4.0030115 3.9929204 
Arch_Chloroplastida_Ostreococcus_tauri_GCA_000214015.2    6.0972004 3.5726602 1.6660630 1.3846826 0.0000000 8.9999989 2.6538260 5.1921763 3.3160605 4.2937582 3.9101307 4.3469314 4.3047296 2.9944533 3.3572035 3.2700243 3.9727701 4.1508894 
Firmicutes_bacterium_GCA_014023125.1                      3.5447619 4.4029670 5.9123857 6.8782494 8.9999989 0.0000000 4.7014411 4.4574224 6.7118095 4.5766367 4.8169856 4.2961899 3.8487723 3.9236972 3.9787258 4.2622421 4.2306545 4.1360627 
Chlamydia_buteonis_GCA_019056495.1                        5.4442904 2.1908131 3.7728453 3.2097380 2.6538260 4.7014411 0.0000000 2.8407403 3.0559433 2.1087685 2.0552738 2.3350977 2.3947082 2.0217491 2.7371442 2.8577615 2.9066828 2.8958883 
CPR_Pacebacteria_bacterium_GCA_030583765.1                3.9616759 3.3323581 3.5751928 4.9667975 5.1921763 4.4574224 2.8407403 0.0000000 1.1698970 7.0073812 4.5960176 3.8576410 4.1702116 3.9938521 1.9417471 2.5470528 2.6335973 2.6008858 
CPR_Parcubacteria_bacterium_GCA_037076615.1               4.4394614 2.6604704 3.0253196 4.5286165 3.3160605 6.7118095 3.0559433 1.1698970 0.0000000 4.9872762 3.6477146 3.1574133 2.8137499 2.5287634 1.4842490 1.7395696 1.9321515 1.9924394 
2026747.123                                               6.9459991 2.7710516 3.8962947 3.4814623 4.2937582 4.5766367 2.1087685 7.0073812 4.9872762 0.0000000 0.2190011 1.2815985 1.2475590 0.9069060 3.9844389 4.6166258 4.4314815 4.4467373 
2026747.179                                               4.8596189 2.5329258 3.1696279 3.2033853 3.9101307 4.8169856 2.0552738 4.5960176 3.6477146 0.2190011 0.0000000 0.8497163 0.8896028 0.8543989 3.3074527 3.6059370 3.5542869 3.5659498 
2026747.43                                                6.8854075 2.7934873 4.1788356 4.1205590 4.3469314 4.2961899 2.3350977 3.8576410 3.1574133 1.2815985 0.8497163 0.0000000 0.1734702 0.7979769 2.4720227 2.6983727 2.5056585 2.5171535 
2026747.124                                               6.2317622 2.6725180 4.1526115 3.7618938 4.3047296 3.8487723 2.3947082 4.1702116 2.8137499 1.2475590 0.8896028 0.1734702 0.0000000 0.8996011 2.5120355 2.8329433 2.6016412 2.6448516 
2026747.22                                                4.0050037 2.0515234 3.1220826 3.4368392 2.9944533 3.9236972 2.0217491 3.9938521 2.5287634 0.9069060 0.8543989 0.7979769 0.8996011 0.0000000 2.2002393 2.4743057 2.5257770 2.5455699 
Bacteroidetes_bacterium_GCA_025998875.1                   4.2646631 2.0513007 2.3650684 3.4233824 3.3572035 3.9787258 2.7371442 1.9417471 1.4842490 3.9844389 3.3074527 2.4720227 2.5120355 2.2002393 0.0000000 1.0907882 1.0021183 0.9639640 
Prevotella_nigrescens_GCA_042639025.1_1                   4.0326119 2.9411947 3.3390022 4.1763954 3.2700243 4.2622421 2.8577615 2.5470528 1.7395696 4.6166258 3.6059370 2.6983727 2.8329433 2.4743057 1.0907882 0.0000000 0.2138923 0.1911478 
Prevotella_jejuni_GCA_041433135.1_1                       3.9741955 2.4604975 3.3410722 4.0030115 3.9727701 4.2306545 2.9066828 2.6335973 1.9321515 4.4314815 3.5542869 2.5056585 2.6016412 2.5257770 1.0021183 0.2138923 0.0000000 0.0370936 
Bacteroidetes_Prevotella_melaninogenica_GCA_003609775.1   3.9857424 2.4783043 3.5162879 3.9929204 4.1508894 4.1360627 2.8958883 2.6008858 1.9924394 4.4467373 3.5659498 2.5171535 2.6448516 2.5455699 0.9639640 0.1911478 0.0370936 0.0000000 
