18
Alpha_Candidatus_Puniceispirillum_marinum_GCA_000024465.1 0.0000000 2.6527601 4.9588241 5.3206208 5.0490935 1.8963918 2.3893286 2.0185429 3.2127525 2.6796392 2.7545544 3.6589890 3.7077321 4.1649043 3.6197955 3.5187233 3.3814745 3.3648726 
Delta_Bradymonadales_bacterium_GCA_007993755.1            2.6527601 0.0000000 3.5937018 3.0916852 3.2135431 1.9076602 2.6913088 1.6929346 1.9112087 2.4582542 2.6662716 2.3779908 2.3278973 2.6052568 1.9500233 2.5167401 2.3076856 2.2914591 
CRu_Mantamonas_Mantamonas_sphyraenae_GCA_026936335.1      4.9588241 3.5937018 0.0000000 0.7973847 0.5175621 3.8426933 3.5281344 3.6318549 4.3140839 3.0070466 3.2207851 2.8312034 2.6553678 3.0578218 1.8075434 1.5455577 1.4915164 1.5361248 
Arch_Chloroplastida_Micromonas_commoda_GCA_000090985.2    5.3206208 3.0916852 0.7973847 0.0000000 0.4169543 4.7338017 3.4075333 3.8413518 4.6659538 2.3957526 2.5433015 3.0294602 2.8260881 2.5889997 2.2695855 2.1677166 2.2168384 2.2915392 
Arch_Chloroplastida_Ostreococcus_tauri_GCA_000214015.2    5.0490935 3.2135431 0.5175621 0.4169543 0.0000000 4.5317035 3.0164722 3.2156543 4.1916030 2.6717522 2.7291246 2.8007211 2.6234641 2.4411359 2.0101887 1.7025916 1.5299922 1.6171259 
Firmicutes_bacterium_GCA_014023125.1                      1.8963918 1.9076602 3.8426933 4.7338017 4.5317035 0.0000000 1.5468116 1.5899130 1.5664460 2.1055514 2.0744010 2.6034217 2.5665397 2.7689155 2.5140951 2.9009145 2.9870050 2.8569776 
Chlamydia_buteonis_GCA_019056495.1                        2.3893286 2.6913088 3.5281344 3.4075333 3.0164722 1.5468116 0.0000000 2.3041812 1.7497393 3.3168277 3.0765495 3.7098047 3.7318519 3.3567224 4.5425359 4.1146175 3.8742054 3.8011799 
CPR_Pacebacteria_bacterium_GCA_030583765.1                2.0185429 1.6929346 3.6318549 3.8413518 3.2156543 1.5899130 2.3041812 0.0000000 1.3840755 2.2760787 2.5630279 3.2420632 3.3133459 3.0196355 2.6091314 2.2599353 2.1930780 2.1785291 
CPR_Parcubacteria_bacterium_GCA_037076615.1               3.2127525 1.9112087 4.3140839 4.6659538 4.1916030 1.5664460 1.7497393 1.3840755 0.0000000 2.7494262 2.5819783 2.5199631 2.6112939 2.8707152 2.5250577 2.9622137 2.8361785 3.0567932 
2026747.123                                               2.6796392 2.4582542 3.0070466 2.3957526 2.6717522 2.1055514 3.3168277 2.2760787 2.7494262 0.0000000 0.1610102 0.7650268 0.7741825 0.7776912 1.6435391 1.9497145 1.9890600 1.9871913 
2026747.179                                               2.7545544 2.6662716 3.2207851 2.5433015 2.7291246 2.0744010 3.0765495 2.5630279 2.5819783 0.1610102 0.0000000 0.6944819 0.7438758 0.7434025 1.6408647 1.9067164 1.9008484 1.8637473 
2026747.43                                                3.6589890 2.3779908 2.8312034 3.0294602 2.8007211 2.6034217 3.7098047 3.2420632 2.5199631 0.7650268 0.6944819 0.0000000 0.0397056 0.4163786 1.7187300 1.6214329 1.6156424 1.4897480 
2026747.124                                               3.7077321 2.3278973 2.6553678 2.8260881 2.6234641 2.5665397 3.7318519 3.3133459 2.6112939 0.7741825 0.7438758 0.0397056 0.0000000 0.4284814 1.7551769 1.5274779 1.5209579 1.4030608 
2026747.22                                                4.1649043 2.6052568 3.0578218 2.5889997 2.4411359 2.7689155 3.3567224 3.0196355 2.8707152 0.7776912 0.7434025 0.4163786 0.4284814 0.0000000 2.1626233 2.4038036 2.2755738 2.2400334 
Bacteroidetes_bacterium_GCA_025998875.1                   3.6197955 1.9500233 1.8075434 2.2695855 2.0101887 2.5140951 4.5425359 2.6091314 2.5250577 1.6435391 1.6408647 1.7187300 1.7551769 2.1626233 0.0000000 0.6826903 0.7447576 0.7797169 
Prevotella_nigrescens_GCA_042639025.1_1                   3.5187233 2.5167401 1.5455577 2.1677166 1.7025916 2.9009145 4.1146175 2.2599353 2.9622137 1.9497145 1.9067164 1.6214329 1.5274779 2.4038036 0.6826903 0.0000000 0.0947122 0.0809756 
Prevotella_jejuni_GCA_041433135.1_1                       3.3814745 2.3076856 1.4915164 2.2168384 1.5299922 2.9870050 3.8742054 2.1930780 2.8361785 1.9890600 1.9008484 1.6156424 1.5209579 2.2755738 0.7447576 0.0947122 0.0000000 0.0800571 
Bacteroidetes_Prevotella_melaninogenica_GCA_003609775.1   3.3648726 2.2914591 1.5361248 2.2915392 1.6171259 2.8569776 3.8011799 2.1785291 3.0567932 1.9871913 1.8637473 1.4897480 1.4030608 2.2400334 0.7797169 0.0809756 0.0800571 0.0000000 
