18
Alpha_Candidatus_Puniceispirillum_marinum_GCA_000024465.1 0.0000000 2.7175605 3.4678347 3.3063164 3.3587514 1.8758168 2.8498568 2.0080407 2.3386672 3.0940393 2.8673055 3.3003761 3.2172864 3.2084551 2.9679786 2.4170758 2.3076658 2.2674586 
Delta_Bradymonadales_bacterium_GCA_007993755.1            2.7175605 0.0000000 3.1073981 2.0952886 2.3290943 2.2927575 2.1959145 2.3100756 2.2201116 2.4526498 2.6277938 2.6051632 2.5926266 2.1541678 2.4138094 2.7452163 2.4298937 2.3584552 
CRu_Mantamonas_Mantamonas_sphyraenae_GCA_026936335.1      3.4678347 3.1073981 0.0000000 0.9612042 0.8715240 3.6565958 2.9664744 3.1042524 2.7636710 2.8206538 2.4997817 2.3787284 2.5246488 2.4148842 1.8987551 1.9657988 2.0106525 2.0321411 
Arch_Chloroplastida_Micromonas_commoda_GCA_000090985.2    3.3063164 2.0952886 0.9612042 0.0000000 0.5580184 2.9620018 2.1464063 2.5822215 2.3942637 2.2468646 2.2215142 2.7292775 2.8384032 2.0570588 1.7935674 1.9750163 1.8937101 1.8846115 
Arch_Chloroplastida_Ostreococcus_tauri_GCA_000214015.2    3.3587514 2.3290943 0.8715240 0.5580184 0.0000000 3.5998945 2.8013950 2.2581617 2.5043502 2.5445323 2.5165454 2.6497420 2.7413218 2.1622305 2.0661397 1.8410921 2.0042111 2.0269296 
Firmicutes_bacterium_GCA_014023125.1                      1.8758168 2.2927575 3.6565958 2.9620018 3.5998945 0.0000000 1.4893893 1.7135087 1.8393131 1.8380962 1.9853733 2.4748318 2.5083912 2.2541828 2.4897495 2.3820551 2.3785691 2.2485449 
Chlamydia_buteonis_GCA_019056495.1                        2.8498568 2.1959145 2.9664744 2.1464063 2.8013950 1.4893893 0.0000000 1.9130957 1.4343648 1.7396972 1.7254263 1.8648328 1.9686618 1.8903960 2.2248333 2.8029369 2.6910219 2.6177392 
CPR_Pacebacteria_bacterium_GCA_030583765.1                2.0080407 2.3100756 3.1042524 2.5822215 2.2581617 1.7135087 1.9130957 0.0000000 1.3879218 2.6115142 2.5406644 2.7301752 2.8517756 2.8644138 1.7582720 1.7862039 1.8207491 1.7527692 
CPR_Parcubacteria_bacterium_GCA_037076615.1               2.3386672 2.2201116 2.7636710 2.3942637 2.5043502 1.8393131 1.4343648 1.3879218 0.0000000 1.9053108 1.7837188 1.5287356 1.4737603 1.6275307 1.7938451 1.7639531 1.7715859 1.8541794 
2026747.123                                               3.0940393 2.4526498 2.8206538 2.2468646 2.5445323 1.8380962 1.7396972 2.6115142 1.9053108 0.0000000 0.1391770 1.0285527 1.0708392 0.8905470 2.2643682 2.5524831 2.4474034 2.4048481 
2026747.179                                               2.8673055 2.6277938 2.4997817 2.2215142 2.5165454 1.9853733 1.7254263 2.5406644 1.7837188 0.1391770 0.0000000 0.8495712 0.9009801 0.7790033 2.1742352 2.2603481 2.2521196 2.2146835 
2026747.43                                                3.3003761 2.6051632 2.3787284 2.7292775 2.6497420 2.4748318 1.8648328 2.7301752 1.5287356 1.0285527 0.8495712 0.0000000 0.0825616 0.4944588 1.7890470 1.8184028 1.6453286 1.5677013 
2026747.124                                               3.2172864 2.5926266 2.5246488 2.8384032 2.7413218 2.5083912 1.9686618 2.8517756 1.4737603 1.0708392 0.9009801 0.0825616 0.0000000 0.6006526 1.8761606 1.9290634 1.7479533 1.6665838 
2026747.22                                                3.2084551 2.1541678 2.4148842 2.0570588 2.1622305 2.2541828 1.8903960 2.8644138 1.6275307 0.8905470 0.7790033 0.4944588 0.6006526 0.0000000 1.9429332 1.9830142 1.9357022 1.8695434 
Bacteroidetes_bacterium_GCA_025998875.1                   2.9679786 2.4138094 1.8987551 1.7935674 2.0661397 2.4897495 2.2248333 1.7582720 1.7938451 2.2643682 2.1742352 1.7890470 1.8761606 1.9429332 0.0000000 1.0534664 1.0707603 1.1129193 
Prevotella_nigrescens_GCA_042639025.1_1                   2.4170758 2.7452163 1.9657988 1.9750163 1.8410921 2.3820551 2.8029369 1.7862039 1.7639531 2.5524831 2.2603481 1.8184028 1.9290634 1.9830142 1.0534664 0.0000000 0.1481546 0.1484935 
Prevotella_jejuni_GCA_041433135.1_1                       2.3076658 2.4298937 2.0106525 1.8937101 2.0042111 2.3785691 2.6910219 1.8207491 1.7715859 2.4474034 2.2521196 1.6453286 1.7479533 1.9357022 1.0707603 0.1481546 0.0000000 0.0453145 
Bacteroidetes_Prevotella_melaninogenica_GCA_003609775.1   2.2674586 2.3584552 2.0321411 1.8846115 2.0269296 2.2485449 2.6177392 1.7527692 1.8541794 2.4048481 2.2146835 1.5677013 1.6665838 1.8695434 1.1129193 0.1484935 0.0453145 0.0000000 
